<?xml version="1.0"?>
<opencv_storage>
<rvec type_id="opencv-matrix">
  <rows>3</rows>
  <cols>1</cols>
  <dt>d</dt>
  <data>
    -9.8469244919773613e-01 7.7781754683088303e-02
    2.9992127429031623e-01</data></rvec>
<tvec type_id="opencv-matrix">
  <rows>3</rows>
  <cols>1</cols>
  <dt>d</dt>
  <data>
    -1.3774373457519175e+02 -2.5309344131853285e+02
    2.3341032846616890e+03</data></tvec>
</opencv_storage>
