<?xml version="1.0"?>
<opencv_storage>
<rvec type_id="opencv-matrix">
  <rows>3</rows>
  <cols>1</cols>
  <dt>d</dt>
  <data>
    -5.4761773779991907e-01 -1.2612389234597732e-01
    -1.1608285055177729e-01</data></rvec>
<tvec type_id="opencv-matrix">
  <rows>3</rows>
  <cols>1</cols>
  <dt>d</dt>
  <data>
    3.1542753354685624e+02 -1.6953747800489742e+02
    1.3351418353015192e+03</data></tvec>
</opencv_storage>
